lsmaker/tests/data/test.grd
DSAA
  200    178
 -3149.890        82684.57    
 -612.4700        76297.31    
  1205.593        1653.961    
[rows 112 to 139 of 178, columns 0 to 62 of 200]
1573.662 1575.362 1577.098 1578.871 1580.681 1582.530 1584.419 1586.347 1588.295 1589.986 1591.344 1592.375 1593.081 1593.467 1593.534 1593.284 1592.720 1591.843 1590.653 1589.150 1587.335 1585.207 1582.764 1580.006 1576.931 1573.538 1569.823 1565.784 1561.420 1556.726 1551.701 1546.341 1540.646 1534.612 1528.241 1521.533 1514.491 1507.124 1499.440 1491.453 1483.179 1474.634 1465.832 1456.777 1447.460 1437.852 1427.905 1417.551 1406.706 1395.277 1383.160 1370.243 1356.394 1341.436 1325.080 1306.763 1285.122 1269.297 1270.295 1272.252 1274.034 1275.179 1275.489
1575.855 1577.604 1579.391 1581.214 1583.077 1584.978 1586.920 1588.904 1590.906 1592.652 1594.070 1595.162 1595.934 1596.387 1596.526 1596.352 1595.867 1595.072 1593.968 1592.556 1590.836 1588.807 1586.468 1583.819 1580.859 1577.584 1573.994 1570.085 1565.857 1561.305 1556.429 1551.223 1545.688 1539.821 1533.620 1527.085 1520.219 1513.023 1505.501 1497.660 1489.503 1481.035 1472.254 1463.150 1453.704 1443.879 1433.626 1422.881 1411.569 1399.605 1386.902 1373.371 1358.919 1343.437 1326.768 1308.628 1288.539 1267.402 1269.533 1272.194 1274.489 1275.978 1276.511
1577.995 1579.792 1581.627 1583.500 1585.413 1587.365 1589.359 1591.396 1593.450 1595.251 1596.725 1597.877 1598.711 1599.231 1599.438 1599.336 1598.927 1598.211 1597.190 1595.864 1594.234 1592.299 1590.060 1587.513 1584.660 1581.497 1578.023 1574.236 1570.134 1565.713 1560.972 1555.907 1550.516 1544.795 1538.743 1532.358 1525.638 1518.583 1511.189 1503.457 1495.383 1486.959 1478.173 1469.006 1459.428 1449.395 1438.855 1427.741 1415.978 1403.484 1390.179 1375.989 1360.862 1344.771 1327.732 1309.804 1291.076 1271.570 1267.099 1271.457 1274.705 1276.682 1277.469
1580.082 1581.925 1583.807 1585.728 1587.689 1589.691 1591.735 1593.823 1595.929 1597.781 1599.310 1600.519 1601.414 1601.996 1602.270 1602.237 1601.900 1601.259 1600.317 1599.074 1597.530 1595.685 1593.539 1591.090 1588.337 1585.280 1581.915 1578.241 1574.256 1569.956 1565.339 1560.401 1555.139 1549.549 1543.628 1537.372 1530.777 1523.837 1516.547 1508.899 1500.882 1492.482 1483.677 1474.439 1464.729 1454.498 1443.684 1432.214 1420.004 1406.967 1393.014 1378.073 1362.108 1345.160 1327.406 1309.258 1291.386 1274.422 1263.630 1270.812 1275.114 1277.509 1278.484
1582.115 1584.003 1585.930 1587.897 1589.905 1591.955 1594.048 1596.184 1598.340 1600.242 1601.823 1603.088 1604.040 1604.683 1605.021 1605.054 1604.786 1604.218 1603.352 1602.188 1600.725 1598.966 1596.907 1594.550 1591.893 1588.935 1585.672 1582.104 1578.227 1574.039 1569.536 1564.714 1559.569 1554.097 1548.292 1542.149 1535.660 1528.818 1521.613 1514.031 1506.057 1497.668 1488.838 1479.528 1469.693 1459.274 1448.200 1436.385 1423.732 1410.131 1395.469 1379.646 1362.601 1344.375 1325.228 1305.893 1287.987 1273.558 1264.511 1271.828 1276.213 1278.656 1279.660
1584.094 1586.025 1587.996 1590.007 1592.061 1594.157 1596.296 1598.480 1600.683 1602.634 1604.266 1605.584 1606.592 1607.293 1607.691 1607.788 1607.587 1607.088 1606.294 1605.205 1603.820 1602.142 1600.168 1597.898 1595.331 1592.465 1589.299 1585.829 1582.054 1577.969 1573.571 1568.855 1563.817 1558.451 1552.751 1546.708 1540.313 1533.556 1526.423 1518.897 1510.957 1502.575 1493.718 1484.342 1474.393 1463.802 1452.487 1440.347 1427.260 1413.084 1397.659 1380.815 1362.401 1342.344 1320.777 1298.325 1277.922 1265.807 1269.939 1274.571 1278.020 1280.141 1281.027
1586.017 1587.990 1590.003 1592.058 1594.155 1596.296 1598.480 1600.710 1602.959 1604.956 1606.637 1608.006 1609.067 1609.825 1610.281 1610.439 1610.302 1609.869 1609.144 1608.126 1606.817 1605.215 1603.321 1601.134 1598.652 1595.874 1592.798 1589.421 1585.740 1581.752 1577.452 1572.835 1567.895 1562.626 1557.020 1551.068 1544.758 1538.077 1531.009 1523.533 1515.624 1507.250 1498.373 1488.942 1478.895 1468.157 1456.630 1444.195 1430.704 1415.970 1399.762 1381.799 1361.750 1339.281 1314.140 1286.006 1267.369 1270.834 1274.142 1277.443 1280.077 1281.796 1282.518
1587.884 1589.897 1591.952 1594.048 1596.188 1598.371 1600.600 1602.874 1605.166 1607.208 1608.936 1610.354 1611.467 1612.278 1612.791 1613.008 1612.931 1612.562 1611.903 1610.954 1609.715 1608.187 1606.369 1604.260 1601.860 1599.165 1596.174 1592.885 1589.293 1585.395 1581.186 1576.661 1571.813 1566.634 1561.116 1555.247 1549.016 1542.406 1535.399 1527.972 1520.096 1511.736 1502.848 1493.379 1483.260 1472.405 1460.708 1448.029 1434.190 1418.959 1402.019 1382.940 1361.118 1335.736 1305.896 1270.967 1271.054 1274.389 1277.294 1279.892 1281.992 1283.408 1284.014
1589.696 1591.747 1593.841 1595.978 1598.158 1600.383 1602.653 1604.970 1607.305 1609.390 1611.163 1612.628 1613.791 1614.654 1615.221 1615.494 1615.476 1615.168 1614.572 1613.688 1612.517 1611.059 1609.314 1607.280 1604.956 1602.341 1599.431 1596.224 1592.717 1588.904 1584.781 1580.342 1575.580 1570.486 1565.050 1559.261 1553.105 1546.564 1539.617 1532.241 1524.403 1516.066 1507.184 1497.699 1487.537 1476.606 1464.791 1451.937 1437.842 1422.230 1404.708 1384.690 1361.249 1332.774 1296.212 1272.730 1274.475 1277.078 1279.557 1281.749 1283.543 1284.800 1285.387
1591.450 1593.539 1595.671 1597.846 1600.066 1602.330 1604.641 1606.999 1609.375 1611.501 1613.318 1614.829 1616.039 1616.952 1617.570 1617.897 1617.936 1617.686 1617.151 1616.330 1615.224 1613.833 1612.157 1610.195 1607.944 1605.404 1602.572 1599.443 1596.016 1592.284 1588.244 1583.887 1579.206 1574.193 1568.837 1563.125 1557.041 1550.569 1543.685 1536.363 1528.572 1520.271 1511.413 1501.936 1491.766 1480.807 1468.937 1455.994 1441.763 1425.941 1408.085 1387.513 1363.073 1332.571 1290.759 1273.210 1276.362 1278.845 1280.998 1282.930 1284.589 1285.840 1286.529
1593.147 1595.272 1597.440 1599.652 1601.910 1604.213 1606.563 1608.961 1611.376 1613.542 1615.400 1616.955 1618.211 1619.171 1619.840 1620.219 1620.311 1620.118 1619.641 1618.880 1617.837 1616.510 1614.901 1613.006 1610.826 1608.358 1605.599 1602.547 1599.196 1595.542 1591.579 1587.301 1582.700 1577.765 1572.486 1566.849 1560.839 1554.437 1547.619 1540.359 1532.624 1524.373 1515.558 1506.118 1495.977 1485.039 1473.183 1460.248 1446.016 1430.186 1412.313 1391.711 1367.225 1336.736 1295.950 1273.779 1277.715 1279.817 1281.564 1283.318 1285.010 1286.430 1287.364
1594.786 1596.945 1599.149 1601.397 1603.691 1606.031 1608.419 1610.854 1613.308 1615.512 1617.410 1619.007 1620.307 1621.314 1622.030 1622.459 1622.603 1622.464 1622.042 1621.340 1620.356 1619.092 1617.546 1615.717 1613.605 1611.206 1608.518 1605.537 1602.260 1598.681 1594.794 1590.592 1586.068 1581.210 1576.007 1570.446 1564.510 1558.180 1551.434 1544.243 1536.575 1528.389 1519.638 1510.262 1500.187 1489.321 1477.548 1464.714 1450.617 1434.980 1417.403 1397.290 1373.678 1344.856 1307.150 1278.266 1279.424 1279.914 1281.000 1282.699 1284.672 1286.502 1287.859
1596.366 1598.559 1600.796 1603.079 1605.408 1607.784 1610.208 1612.680 1615.170 1617.411 1619.348 1620.985 1622.327 1623.378 1624.141 1624.618 1624.812 1624.724 1624.357 1623.710 1622.784 1621.579 1620.094 1618.329 1616.281 1613.949 1611.330 1608.419 1605.213 1601.706 1597.893 1593.766 1589.316 1584.534 1579.408 1573.923 1568.064 1561.811 1555.141 1548.027 1540.436 1532.331 1523.664 1514.378 1504.404 1493.655 1482.025 1469.376 1455.531 1440.253 1423.221 1403.984 1381.884 1355.911 1324.413 1288.324 1280.034 1278.214 1278.687 1280.724 1283.451 1286.048 1288.045
1597.887 1600.112 1602.382 1604.698 1607.060 1609.471 1611.929 1614.437 1616.962 1619.238 1621.212 1622.888 1624.271 1625.365 1626.172 1626.695 1626.937 1626.900 1626.584 1625.991 1625.120 1623.973 1622.548 1620.843 1618.858 1616.591 1614.037 1611.194 1608.058 1604.622 1600.881 1596.827 1592.452 1587.745 1582.695 1577.288 1571.508 1565.335 1558.747 1551.718 1544.216 1536.205 1527.640 1518.467 1508.624 1498.032 1486.595 1474.196 1460.685 1445.877 1429.535 1411.360 1390.986 1368.031 1342.392 1315.234 1288.467 1273.141 1273.567 1276.926 1281.345 1285.200 1288.044
1599.349 1601.604 1603.905 1606.253 1608.648 1611.091 1613.583 1616.125 1618.683 1620.993 1623.003 1624.717 1626.139 1627.273 1628.123 1628.691 1628.980 1628.990 1628.725 1628.183 1627.366 1626.274 1624.907 1623.261 1621.337 1619.132 1616.643 1613.866 1610.797 1607.431 1603.760 1599.779 1595.478 1590.847 1585.875 1580.547 1574.848 1568.759 1562.259 1555.322 1547.919 1540.014 1531.566 1522.527 1512.839 1502.432 1491.224 1479.117 1465.991 1451.706 1436.097 1418.981 1400.183 1379.604 1357.380 1334.034 1310.214 1286.291 1263.599 1270.920 1278.855 1284.341 1288.082
1600.751 1603.036 1605.366 1607.744 1610.170 1612.645 1615.169 1617.743 1620.334 1622.677 1624.721 1626.471 1627.931 1629.104 1629.995 1630.606 1630.940 1630.997 1630.779 1630.288 1629.523 1628.485 1627.172 1625.585 1623.720 1621.576 1619.149 1616.437 1613.434 1610.136 1606.536 1602.626 1598.399 1593.844 1588.950 1583.703 1578.089 1572.088 1565.681 1558.843 1551.546 1543.757 1535.440 1526.549 1517.033 1506.832 1495.876 1484.083 1471.360 1457.602 1442.696 1426.531 1409.019 1390.138 1369.977 1348.746 1326.664 1303.849 1280.329 1267.002 1277.492 1284.060 1288.423
1602.093 1604.405 1606.764 1609.171 1611.627 1614.132 1616.687 1619.292 1621.914 1624.288 1626.365 1628.150 1629.646 1630.858 1631.788 1632.440 1632.817 1632.919 1632.748 1632.305 1631.591 1630.605 1629.346 1627.814 1626.007 1623.922 1621.557 1618.908 1615.971 1612.740 1609.209 1605.371 1601.218 1596.740 1591.925 1586.761 1581.233 1575.324 1569.014 1562.280 1555.096 1547.433 1539.255 1530.523 1521.191 1511.208 1500.514 1489.041 1476.716 1463.460 1449.191 1433.833 1417.330 1399.658 1380.831 1360.882 1339.780 1317.298 1292.693 1269.034 1278.213 1284.715 1289.224
1603.373 1605.712 1608.099 1610.533 1613.017 1615.551 1618.135 1620.771 1623.423 1625.827 1627.935 1629.753 1631.284 1632.532 1633.501 1634.194 1634.611 1634.757 1634.631 1634.235 1633.570 1632.634 1631.428 1629.951 1628.200 1626.173 1623.868 1621.282 1618.409 1615.244 1611.782 1608.016 1603.937 1599.536 1594.802 1589.722 1584.283 1578.468 1572.259 1565.634 1558.568 1551.036 1543.004 1534.438 1525.298 1515.537 1505.105 1493.948 1482.003 1469.208 1455.500 1440.816 1425.103 1408.317 1390.413 1371.311 1350.838 1328.603 1303.775 1274.660 1280.289 1286.165 1290.446
1604.593 1606.957 1609.369 1611.830 1614.341 1616.902 1619.515 1622.179 1624.859 1627.292 1629.431 1631.281 1632.845 1634.129 1635.135 1635.865 1636.324 1636.511 1636.429 1636.079 1635.461 1634.574 1633.419 1631.995 1630.299 1628.329 1626.084 1623.559 1620.749 1617.651 1614.257 1610.562 1606.558 1602.234 1597.582 1592.588 1587.240 1581.521 1575.415 1568.902 1561.960 1554.562 1546.681 1538.285 1529.337 1519.799 1509.626 1498.771 1487.182 1474.806 1461.587 1447.468 1432.389 1416.284 1399.065 1380.591 1360.616 1338.700 1314.064 1285.328 1282.969 1288.070 1291.916
1605.750 1608.138 1610.575 1613.061 1615.598 1618.185 1620.825 1623.517 1626.224 1628.685 1630.852 1632.733 1634.329 1635.647 1636.688 1637.456 1637.953 1638.181 1638.142 1637.836 1637.263 1636.425 1635.320 1633.947 1632.305 1630.392 1628.204 1625.740 1622.993 1619.960 1616.635 1613.011 1609.081 1604.836 1600.265 1595.359 1590.103 1584.483 1578.483 1572.084 1565.267 1558.006 1550.278 1542.052 1533.297 1523.978 1514.055 1503.488 1492.230 1480.233 1467.445 1453.807 1439.255 1423.704 1407.040 1389.088 1369.572 1348.044 1323.776 1295.568 1285.864 1290.122 1293.412
1606.845 1609.256 1611.715 1614.226 1616.787 1619.399 1622.065 1624.783 1627.516 1630.003 1632.198 1634.108 1635.736 1637.086 1638.161 1638.965 1639.499 1639.767 1639.768 1639.505 1638.978 1638.186 1637.130 1635.808 1634.219 1632.361 1630.231 1627.825 1625.141 1622.174 1618.916 1615.364 1611.508 1607.341 1602.854 1598.035 1592.872 1587.352 1581.459 1575.177 1568.486 1561.364 1553.788 1545.733 1537.168 1528.062 1518.380 1508.085 1497.134 1485.483 1473.079 1459.864 1445.766 1430.692 1414.514 1397.042 1377.991 1356.915 1333.111 1305.442 1288.795 1292.056 1294.680
1607.877 1610.309 1612.791 1615.323 1617.907 1620.544 1623.233 1625.977 1628.735 1631.247 1633.469 1635.406 1637.064 1638.445 1639.553 1640.392 1640.963 1641.268 1641.310 1641.088 1640.604 1639.858 1638.849 1637.577 1636.040 1634.236 1632.162 1629.816 1627.194 1624.291 1621.101 1617.620 1613.839 1609.751 1605.346 1600.616 1595.547 1590.128 1584.343 1578.178 1571.613 1564.630 1557.207 1549.320 1540.941 1532.042 1522.592 1512.554 1501.890 1490.556 1478.501 1465.666 1451.977 1437.337 1421.612 1404.613 1386.060 1365.522 1342.305 1315.210 1291.715 1293.532 1295.390
1608.846 1611.297 1613.800 1616.354 1618.960 1621.618 1624.331 1627.098 1629.880 1632.415 1634.663 1636.627 1638.313 1639.724 1640.864 1641.736 1642.342 1642.684 1642.764 1642.584 1642.142 1641.441 1640.478 1639.255 1637.769 1636.018 1634.000 1631.713 1629.151 1626.312 1623.190 1619.779 1616.073 1612.064 1607.743 1603.101 1598.127 1592.808 1587.132 1581.084 1574.647 1567.802 1560.529 1552.807 1544.611 1535.913 1526.684 1516.890 1506.496 1495.458 1483.726 1471.242 1457.932 1443.699 1428.414 1411.898 1393.892 1374.007 1351.614 1325.546 1294.572 1293.766 1295.093
1609.750 1612.221 1614.742 1617.316 1619.942 1622.622 1625.357 1628.146 1630.950 1633.509 1635.780 1637.770 1639.483 1640.923 1642.093 1642.997 1643.637 1644.015 1644.133 1643.991 1643.591 1642.933 1642.016 1640.841 1639.404 1637.706 1635.743 1633.513 1631.013 1628.237 1625.182 1621.842 1618.210 1614.280 1610.042 1605.489 1600.609 1595.392 1589.825 1583.894 1577.582 1570.875 1563.751 1556.191 1548.172 1539.669 1530.653 1521.093 1510.953 1500.193 1488.766 1476.612 1463.660 1449.820 1434.970 1418.949 1401.533 1382.402 1361.083 1336.851 1308.821 1291.632 1293.370
1610.590 1613.078 1615.617 1618.210 1620.855 1623.555 1626.310 1629.121 1631.946 1634.526 1636.820 1638.834 1640.573 1642.041 1643.240 1644.175 1644.847 1645.260 1645.414 1645.310 1644.951 1644.335 1643.463 1642.334 1640.947 1639.300 1637.392 1635.219 1632.778 1630.066 1627.077 1623.807 1620.250 1616.398 1612.244 1607.779 1602.994 1597.878 1592.419 1586.604 1580.418 1573.846 1566.869 1559.468 1551.622 1543.307 1534.496 1525.160 1515.264 1504.769 1493.630 1481.790 1469.183 1455.722 1441.301 1425.778 1408.968 1390.626 1370.428 1347.973 1322.827 1294.497 1290.115
1611.366 1613.869 1616.425 1619.034 1621.698 1624.416 1627.190 1630.021 1632.866 1635.466 1637.782 1639.819 1641.583 1643.076 1644.304 1645.268 1645.972 1646.418 1646.607 1646.541 1646.220 1645.645 1644.817 1643.734 1642.395 1640.799 1638.944 1636.828 1634.446 1631.797 1628.874 1625.674 1622.191 1618.417 1614.346 1609.970 1605.279 1600.264 1594.912 1589.213 1583.151 1576.712 1569.880 1562.635 1554.958 1546.826 1538.213 1529.092 1519.430 1509.189 1498.325 1486.787 1474.511 1461.419 1447.415 1432.378 1416.158 1398.565 1379.374 1358.325 1335.135 1309.442 1285.320
1612.075 1614.593 1617.164 1619.789 1622.469 1625.204 1627.997 1630.846 1633.710 1636.328 1638.664 1640.724 1642.510 1644.029 1645.283 1646.276 1647.010 1647.488 1647.711 1647.681 1647.398 1646.864 1646.078 1645.039 1643.748 1642.202 1640.400 1638.339 1636.017 1633.429 1630.573 1627.442 1624.032 1620.336 1616.348 1612.060 1607.463 1602.547 1597.303 1591.717 1585.779 1579.472 1572.781 1565.689 1558.177 1550.223 1541.803 1532.890 1523.453 1513.457 1502.859 1491.610 1479.653 1466.916 1453.313 1438.740 1423.070 1406.150 1387.802 1367.828 1346.017 1322.150 1295.995
1612.719 1615.249 1617.834 1620.473 1623.168 1625.919 1628.728 1631.595 1634.476 1637.112 1639.467 1641.547 1643.356 1644.898 1646.178 1647.198 1647.961 1648.469 1648.725 1648.730 1648.484 1647.989 1647.245 1646.250 1645.005 1643.509 1641.759 1639.753 1637.488 1634.962 1632.171 1629.109 1625.772 1622.154 1618.248 1614.047 1609.543 1604.727 1599.588 1594.117 1588.299 1582.122 1575.571 1568.630 1561.279 1553.499 1545.266 1536.555 1527.335 1517.575 1507.233 1496.264 1484.614 1472.217 1458.997 1444.860 1429.693 1413.362 1395.707 1376.541 1355.656 1332.864 1308.205
