lsmaker/tests/data/test.grd
DSAA
  200    178
 -3149.890        82684.57    
 -612.4700        76297.31    
  1205.593        1653.961    
[rows 140 to 167 of 178, columns 63 to 125 of 200]
1289.922 1290.979 1297.399 1301.357 1303.958 1305.607 1306.442 1306.481 1305.675 1303.927 1301.083 1296.958 1301.777 1307.287 1312.085 1316.275 1319.907 1323.016 1325.640 1327.813 1329.573 1330.941 1331.920 1332.489 1332.604 1332.206 1331.232 1329.623 1327.323 1324.280 1320.442 1315.759 1310.209 1303.934 1297.580 1292.380 1293.357 1294.767 1296.052 1296.505 1295.633 1293.701 1295.277 1303.335 1311.157 1317.808 1323.431 1328.310 1332.521 1336.073 1338.986 1341.292 1343.029 1344.235 1344.949 1345.208 1345.051 1344.516 1343.641 1342.462 1341.019 1339.348 1337.492
1293.561 1296.541 1299.587 1302.230 1304.346 1305.901 1306.840 1307.075 1306.492 1304.939 1302.188 1297.696 1302.800 1307.621 1311.981 1315.900 1319.368 1322.383 1324.962 1327.143 1328.971 1330.480 1331.677 1332.524 1332.950 1332.866 1332.179 1330.811 1328.693 1325.755 1321.918 1317.064 1310.996 1303.361 1296.695 1297.013 1298.039 1299.220 1300.159 1300.464 1299.878 1298.400 1296.238 1294.345 1303.424 1310.645 1316.733 1322.241 1327.075 1331.169 1334.556 1337.293 1339.435 1341.027 1342.108 1342.718 1342.891 1342.666 1342.078 1341.169 1339.983 1338.569 1336.977
1304.084 1300.910 1301.253 1302.677 1304.355 1305.891 1307.033 1307.581 1307.360 1306.190 1303.860 1300.200 1303.301 1307.401 1311.347 1315.044 1318.382 1321.306 1323.820 1325.976 1327.847 1329.501 1330.960 1332.168 1333.005 1333.326 1332.999 1331.926 1330.030 1327.241 1323.468 1318.561 1312.220 1303.738 1298.451 1300.043 1301.516 1302.878 1303.911 1304.359 1304.023 1302.765 1300.361 1295.615 1297.301 1302.950 1309.272 1315.733 1321.338 1325.998 1329.849 1333.005 1335.538 1337.497 1338.926 1339.862 1340.338 1340.387 1340.046 1339.359 1338.377 1337.163 1335.778
1317.975 1301.585 1301.053 1301.980 1303.588 1305.362 1306.916 1307.958 1308.268 1307.673 1305.995 1302.856 1302.940 1306.318 1309.995 1313.619 1316.911 1319.759 1322.171 1324.233 1326.083 1327.866 1329.654 1331.365 1332.777 1333.640 1333.767 1333.048 1331.420 1328.829 1325.208 1320.441 1314.310 1306.412 1299.719 1302.101 1304.084 1305.870 1307.274 1308.073 1308.087 1307.168 1305.108 1301.662 1298.330 1296.700 1300.308 1309.017 1315.456 1320.600 1324.864 1328.418 1331.329 1333.642 1335.401 1336.645 1337.400 1337.694 1337.559 1337.039 1336.196 1335.112 1333.871
1333.129 1308.968 1298.499 1299.671 1301.720 1304.132 1306.411 1308.175 1309.185 1309.316 1308.503 1306.773 1304.745 1303.978 1307.719 1311.606 1314.983 1317.761 1319.999 1321.833 1323.501 1325.333 1327.552 1330.026 1332.301 1333.906 1334.590 1334.274 1332.940 1330.578 1327.166 1322.666 1317.021 1310.164 1302.252 1303.371 1305.839 1308.283 1310.297 1311.617 1312.106 1311.682 1310.297 1308.039 1305.300 1302.155 1297.358 1303.029 1309.632 1314.965 1319.560 1323.509 1326.798 1329.452 1331.529 1333.071 1334.095 1334.611 1334.638 1334.221 1333.434 1332.383 1331.204
1345.501 1323.617 1300.579 1295.447 1298.486 1302.085 1305.519 1308.259 1310.096 1311.008 1311.058 1310.397 1309.298 1307.933 1305.924 1309.187 1312.741 1315.406 1317.349 1318.725 1319.841 1321.428 1324.235 1328.028 1331.724 1334.323 1335.630 1335.718 1334.666 1332.521 1329.309 1325.064 1319.875 1313.983 1307.968 1303.228 1306.667 1310.206 1313.095 1315.059 1316.088 1316.198 1315.406 1313.756 1311.282 1307.774 1302.488 1298.424 1303.692 1308.863 1313.815 1318.264 1321.950 1324.914 1327.292 1329.144 1330.449 1331.177 1331.328 1330.939 1330.089 1328.924 1327.673
1355.838 1335.462 1314.282 1292.422 1293.540 1299.219 1304.419 1308.357 1311.046 1312.678 1313.439 1313.506 1313.033 1312.075 1310.496 1308.023 1310.470 1312.840 1314.388 1315.012 1314.948 1315.754 1318.711 1325.304 1331.563 1335.256 1337.094 1337.500 1336.668 1334.686 1331.603 1327.479 1322.457 1316.906 1311.563 1307.294 1306.374 1311.946 1315.915 1318.507 1320.052 1320.669 1320.392 1319.223 1317.117 1313.922 1309.417 1303.847 1298.480 1301.673 1307.420 1312.792 1316.836 1319.978 1322.639 1324.864 1326.507 1327.461 1327.705 1327.265 1326.199 1324.658 1323.051
1364.473 1344.958 1324.876 1304.788 1285.982 1295.902 1303.702 1308.781 1312.145 1314.323 1315.616 1316.221 1316.277 1315.853 1314.937 1313.453 1311.485 1311.058 1312.596 1316.258 1319.410 1321.631 1322.601 1324.625 1333.165 1337.157 1339.163 1339.713 1339.005 1337.115 1334.070 1329.888 1324.641 1318.612 1312.915 1309.305 1308.963 1314.789 1319.097 1322.048 1324.015 1325.097 1325.306 1324.617 1322.976 1320.302 1316.546 1311.836 1306.471 1300.824 1300.753 1307.743 1311.564 1314.429 1317.409 1320.247 1322.365 1323.578 1323.892 1323.341 1321.917 1319.586 1316.724
1371.643 1352.362 1332.479 1312.754 1294.955 1295.809 1304.531 1309.879 1313.485 1315.949 1317.581 1318.578 1319.080 1319.184 1318.974 1318.570 1318.307 1318.761 1320.312 1322.748 1325.332 1327.688 1329.919 1332.979 1336.975 1340.073 1341.849 1342.374 1341.710 1339.866 1336.806 1332.458 1326.710 1319.337 1312.182 1312.832 1315.241 1318.886 1322.558 1325.619 1327.942 1329.479 1330.182 1329.997 1328.865 1326.720 1323.505 1319.162 1313.539 1306.154 1299.585 1304.340 1306.112 1307.304 1311.270 1315.459 1318.232 1319.693 1320.041 1319.374 1317.623 1314.409 1308.376
1377.615 1357.957 1337.297 1316.310 1295.943 1301.390 1307.124 1311.632 1315.009 1317.498 1319.292 1320.545 1321.388 1321.936 1322.311 1322.671 1323.247 1324.296 1325.958 1328.130 1330.547 1333.022 1335.573 1338.345 1341.174 1343.511 1344.975 1345.422 1344.785 1342.998 1339.955 1335.486 1329.315 1321.017 1314.233 1316.262 1318.886 1322.215 1325.749 1329.021 1331.756 1333.797 1335.035 1335.390 1334.794 1333.182 1330.474 1326.519 1320.961 1312.854 1302.485 1302.967 1300.549 1300.919 1305.098 1311.200 1314.479 1315.992 1316.271 1315.530 1313.731 1310.530 1308.190
1382.772 1362.201 1339.758 1316.142 1303.478 1306.337 1310.048 1313.555 1316.500 1318.847 1320.665 1322.053 1323.122 1323.991 1324.788 1325.657 1326.754 1328.213 1330.090 1332.328 1334.797 1337.379 1340.006 1342.617 1345.050 1347.037 1348.329 1348.758 1348.203 1346.548 1343.641 1339.247 1332.971 1324.147 1316.172 1317.882 1320.774 1324.415 1328.316 1332.073 1335.384 1338.036 1339.882 1340.823 1340.792 1339.739 1337.596 1334.242 1329.413 1322.531 1312.870 1311.120 1310.144 1307.174 1302.453 1308.548 1311.498 1312.557 1312.554 1311.778 1310.159 1307.998 1310.870
1387.657 1365.886 1340.574 1311.566 1307.534 1309.505 1312.305 1315.147 1317.699 1319.850 1321.602 1323.021 1324.202 1325.264 1326.333 1327.539 1329.000 1330.797 1332.946 1335.397 1338.053 1340.804 1343.549 1346.177 1348.540 1350.459 1351.758 1352.287 1351.915 1350.514 1347.921 1343.897 1338.037 1329.481 1315.856 1317.314 1320.990 1325.441 1330.132 1334.686 1338.795 1342.214 1344.761 1346.335 1346.890 1346.412 1344.885 1342.277 1338.540 1333.742 1328.678 1324.785 1321.229 1316.246 1308.265 1308.058 1309.425 1309.168 1308.559 1308.012 1307.487 1312.292 1316.641
1392.928 1370.295 1342.409 1303.902 1308.291 1311.036 1313.636 1316.146 1318.427 1320.387 1322.019 1323.376 1324.556 1325.683 1326.892 1328.311 1330.047 1332.156 1334.630 1337.398 1340.355 1343.381 1346.357 1349.159 1351.657 1353.708 1355.174 1355.930 1355.858 1354.841 1352.742 1349.380 1344.503 1337.793 1329.295 1320.245 1319.546 1325.305 1331.170 1336.845 1342.022 1346.399 1349.752 1351.988 1353.118 1353.192 1352.261 1350.378 1347.618 1344.160 1340.368 1336.532 1332.329 1326.893 1318.935 1310.371 1307.902 1305.405 1309.431 1314.460 1318.574 1321.664 1323.862
1399.127 1376.609 1348.659 1310.992 1308.868 1311.635 1314.122 1316.488 1318.607 1320.397 1321.860 1323.062 1324.118 1325.176 1326.393 1327.914 1329.863 1332.294 1335.166 1338.364 1341.747 1345.173 1348.510 1351.634 1354.421 1356.755 1358.523 1359.622 1359.956 1359.433 1357.958 1355.429 1351.750 1346.895 1341.063 1334.735 1328.333 1324.065 1331.425 1338.564 1345.155 1350.746 1355.001 1357.880 1359.516 1360.059 1359.636 1358.352 1356.320 1353.685 1350.611 1347.171 1343.216 1338.388 1332.261 1325.399 1322.874 1323.330 1324.969 1327.127 1329.126 1330.566 1331.272
1406.423 1385.055 1359.189 1325.699 1309.768 1311.381 1313.798 1316.195 1318.253 1319.881 1321.115 1322.050 1322.827 1323.655 1324.735 1326.223 1328.322 1331.126 1334.523 1338.303 1342.262 1346.230 1350.064 1353.642 1356.852 1359.593 1361.773 1363.310 1364.132 1364.176 1363.388 1361.730 1359.193 1355.839 1351.840 1347.464 1342.982 1338.579 1334.353 1339.800 1348.351 1355.579 1360.765 1364.140 1366.122 1366.996 1366.947 1366.109 1364.601 1362.532 1360.000 1357.051 1353.658 1349.769 1345.503 1341.558 1339.063 1338.118 1338.130 1338.566 1338.984 1339.054 1338.554
1414.611 1395.033 1372.349 1345.947 1316.437 1309.631 1312.637 1315.382 1317.478 1318.901 1319.815 1320.354 1320.618 1320.989 1321.815 1323.015 1325.138 1328.464 1332.624 1337.205 1341.925 1346.591 1351.061 1355.220 1358.969 1362.222 1364.904 1366.952 1368.317 1368.963 1368.871 1368.043 1366.513 1364.366 1361.747 1358.851 1355.889 1353.071 1350.612 1348.792 1351.778 1361.724 1367.426 1370.888 1372.952 1373.974 1374.150 1373.615 1372.475 1370.820 1368.727 1366.248 1363.423 1360.320 1357.120 1354.188 1351.912 1350.397 1349.445 1348.761 1348.048 1347.053 1345.574
1423.295 1405.663 1385.942 1363.963 1339.742 1312.944 1310.868 1314.386 1316.535 1317.551 1318.005 1318.113 1317.499 1316.619 1317.862 1317.822 1319.639 1324.021 1329.392 1335.077 1340.772 1346.302 1351.546 1356.407 1360.800 1364.654 1367.910 1370.522 1372.462 1373.718 1374.295 1374.222 1373.555 1372.385 1370.841 1369.084 1367.300 1365.701 1364.559 1364.317 1365.997 1370.833 1375.161 1378.092 1379.945 1380.933 1381.197 1380.842 1379.952 1378.601 1376.853 1374.767 1372.404 1369.850 1367.246 1364.779 1362.617 1360.813 1359.282 1357.857 1356.340 1354.540 1352.281
1432.099 1416.302 1399.065 1380.314 1359.984 1337.782 1312.767 1314.012 1315.921 1315.821 1315.523 1315.726 1314.682 1318.547 1318.791 1312.647 1310.577 1317.634 1324.859 1331.981 1338.864 1345.418 1351.568 1357.244 1362.378 1366.913 1370.801 1374.015 1376.542 1378.391 1379.590 1380.185 1380.248 1379.869 1379.167 1378.283 1377.379 1376.646 1376.322 1376.720 1378.200 1380.703 1383.348 1385.479 1386.947 1387.778 1388.027 1387.758 1387.028 1385.892 1384.406 1382.622 1380.600 1378.413 1376.157 1373.933 1371.820 1369.839 1367.940 1366.017 1363.930 1361.531 1358.669
1440.745 1426.601 1411.459 1395.308 1378.139 1359.857 1340.092 1317.274 1316.439 1313.202 1311.293 1313.345 1324.075 1327.867 1327.022 1321.709 1312.350 1309.786 1319.260 1328.049 1336.287 1344.002 1351.180 1357.779 1363.748 1369.037 1373.608 1377.444 1380.553 1382.964 1384.725 1385.899 1386.567 1386.822 1386.775 1386.549 1386.282 1386.128 1386.257 1386.836 1387.967 1389.544 1391.231 1392.699 1393.773 1394.398 1394.574 1394.326 1393.688 1392.700 1391.402 1389.838 1388.057 1386.115 1384.072 1381.984 1379.890 1377.791 1375.650 1373.388 1370.902 1368.071 1364.761
1449.047 1436.369 1423.015 1409.030 1394.494 1379.533 1364.422 1350.269 1341.164 1337.272 1336.150 1337.310 1339.585 1340.310 1338.448 1333.870 1326.845 1317.966 1312.910 1323.435 1333.125 1342.112 1350.430 1358.065 1364.967 1371.084 1376.380 1380.849 1384.520 1387.446 1389.698 1391.358 1392.517 1393.271 1393.723 1393.983 1394.166 1394.390 1394.767 1395.388 1396.281 1397.375 1398.513 1399.518 1400.267 1400.693 1400.773 1400.510 1399.918 1399.025 1397.857 1396.449 1394.836 1393.057 1391.150 1389.145 1387.057 1384.881 1382.580 1380.093 1377.335 1374.205 1370.584
1456.881 1445.490 1433.662 1421.480 1409.084 1396.711 1384.804 1374.240 1366.192 1360.952 1357.906 1356.364 1355.422 1353.969 1351.244 1346.958 1341.147 1334.042 1325.897 1318.229 1329.426 1339.777 1349.355 1358.152 1366.105 1373.137 1379.199 1384.296 1388.488 1391.864 1394.525 1396.575 1398.117 1399.250 1400.073 1400.684 1401.178 1401.645 1402.164 1402.787 1403.525 1404.338 1405.139 1405.833 1406.335 1406.592 1406.576 1406.279 1405.705 1404.869 1403.789 1402.488 1400.991 1399.324 1397.507 1395.557 1393.476 1391.252 1388.852 1386.223 1383.294 1379.976 1376.164
1464.165 1453.895 1443.359 1432.659 1421.950 1411.466 1401.567 1392.744 1385.467 1379.895 1375.807 1372.768 1370.207 1367.517 1364.222 1360.063 1354.983 1349.059 1342.416 1335.168 1327.379 1336.979 1347.957 1358.085 1367.254 1375.318 1382.187 1387.885 1392.528 1396.263 1399.235 1401.573 1403.393 1404.798 1405.884 1406.737 1407.440 1408.062 1408.662 1409.275 1409.909 1410.542 1411.128 1411.607 1411.928 1412.051 1411.949 1411.612 1411.039 1410.235 1409.212 1407.985 1406.569 1404.980 1403.228 1401.320 1399.251 1397.006 1394.553 1391.847 1388.826 1385.414 1381.516
1470.849 1461.547 1452.098 1442.604 1433.205 1424.096 1415.524 1407.769 1401.059 1395.473 1390.902 1387.088 1383.687 1380.335 1376.730 1372.680 1368.110 1363.035 1357.524 1351.657 1345.504 1339.097 1346.175 1357.881 1368.540 1377.824 1385.534 1391.754 1396.727 1400.695 1403.859 1406.375 1408.371 1409.951 1411.207 1412.217 1413.050 1413.765 1414.407 1415.003 1415.562 1416.074 1416.512 1416.841 1417.029 1417.046 1416.872 1416.496 1415.914 1415.127 1414.142 1412.966 1411.608 1410.076 1408.374 1406.504 1404.455 1402.212 1399.745 1397.014 1393.966 1390.535 1386.641
1476.905 1468.436 1459.899 1451.385 1443.012 1434.927 1427.299 1420.295 1414.038 1408.570 1403.827 1399.655 1395.844 1392.172 1388.445 1384.530 1380.363 1375.943 1371.316 1366.553 1361.738 1356.952 1352.248 1357.478 1370.151 1381.020 1389.540 1396.078 1401.171 1405.201 1408.418 1410.998 1413.070 1414.737 1416.083 1417.179 1418.083 1418.844 1419.499 1420.072 1420.571 1420.994 1421.326 1421.547 1421.634 1421.569 1421.336 1420.925 1420.330 1419.551 1418.590 1417.450 1416.136 1414.649 1412.992 1411.158 1409.139 1406.918 1404.467 1401.753 1398.731 1395.344 1391.526
1482.324 1474.571 1466.799 1459.088 1451.531 1444.238 1437.325 1430.896 1425.027 1419.740 1414.996 1410.703 1406.732 1402.945 1399.220 1395.467 1391.644 1387.752 1383.830 1379.952 1376.222 1372.776 1369.793 1367.508 1372.355 1385.764 1394.644 1401.015 1405.911 1409.790 1412.911 1415.440 1417.497 1419.173 1420.541 1421.664 1422.591 1423.362 1424.008 1424.550 1424.996 1425.349 1425.600 1425.739 1425.749 1425.620 1425.338 1424.896 1424.288 1423.512 1422.567 1421.455 1420.176 1418.729 1417.112 1415.319 1413.339 1411.156 1408.747 1406.083 1403.126 1399.831 1396.146
1487.105 1479.969 1472.845 1465.799 1458.905 1452.245 1445.900 1439.941 1434.416 1429.340 1424.690 1420.411 1416.425 1412.646 1408.998 1405.426 1401.905 1398.444 1395.084 1391.904 1389.018 1386.599 1384.915 1384.465 1386.564 1394.047 1401.113 1406.558 1410.897 1414.419 1417.306 1419.683 1421.644 1423.262 1424.597 1425.700 1426.611 1427.363 1427.982 1428.485 1428.881 1429.174 1429.360 1429.432 1429.382 1429.200 1428.878 1428.410 1427.790 1427.015 1426.083 1424.993 1423.744 1422.334 1420.757 1419.008 1417.076 1414.946 1412.599 1410.009 1407.149 1403.981 1400.467
1491.258 1484.656 1478.084 1471.596 1465.252 1459.113 1453.238 1447.677 1442.465 1437.612 1433.108 1428.919 1425.001 1421.300 1417.772 1414.385 1411.129 1408.020 1405.102 1402.450 1400.177 1398.453 1397.530 1397.807 1399.851 1403.753 1408.257 1412.392 1415.959 1418.985 1421.539 1423.687 1425.490 1426.998 1428.256 1429.301 1430.166 1430.877 1431.454 1431.910 1432.256 1432.493 1432.623 1432.640 1432.540 1432.315 1431.960 1431.469 1430.838 1430.064 1429.143 1428.074 1426.854 1425.478 1423.944 1422.243 1420.366 1418.300 1416.029 1413.533 1410.790 1407.773 1404.454
1494.796 1488.659 1482.562 1476.550 1470.670 1464.970 1459.494 1454.280 1449.353 1444.725 1440.392 1436.335 1432.530 1428.945 1425.557 1422.350 1419.324 1416.500 1413.919 1411.650 1409.790 1408.474 1407.883 1408.228 1409.673 1412.108 1415.068 1418.071 1420.862 1423.351 1425.524 1427.400 1429.003 1430.365 1431.513 1432.474 1433.270 1433.922 1434.444 1434.848 1435.141 1435.326 1435.404 1435.373 1435.230 1434.969 1434.586 1434.076 1433.437 1432.663 1431.753 1430.703 1429.511 1428.172 1426.681 1425.031 1423.215 1421.222 1419.037 1416.648 1414.035 1411.182 1408.069
