lsmaker/tests/data/test.grd
DSAA
  200    178
 -3149.890        82684.57    
 -612.4700        76297.31    
  1205.593        1653.961    
[rows 84 to 111 of 178, columns 63 to 125 of 200]
1310.540 1305.957 1301.190 1296.299 1291.335 1286.336 1281.316 1276.258 1271.129 1265.906 1260.670 1258.024 1263.514 1267.507 1270.127 1271.654 1272.252 1272.002 1270.923 1268.976 1266.045 1261.838 1257.899 1264.349 1271.658 1279.560 1287.727 1295.753 1303.473 1310.833 1317.811 1324.409 1330.656 1336.597 1342.293 1347.822 1353.279 1358.763 1364.339 1370.018 1375.775 1381.582 1387.428 1393.323 1399.293 1405.353 1411.487 1417.655 1423.808 1429.890 1435.867 1441.752 1447.611 1453.557 1459.714 1465.889 1471.387 1479.604 1484.586 1473.234 1462.496 1456.874 1456.986
1310.278 1305.701 1300.934 1296.031 1291.033 1285.966 1280.834 1275.614 1270.251 1264.674 1258.811 1260.399 1264.573 1267.814 1270.059 1271.391 1271.905 1271.663 1270.680 1268.906 1266.191 1262.178 1257.428 1260.569 1265.080 1272.652 1281.136 1289.404 1297.364 1304.978 1312.176 1318.937 1325.288 1331.280 1336.977 1342.463 1347.875 1353.392 1359.130 1365.063 1371.100 1377.171 1383.247 1389.352 1395.559 1401.930 1408.438 1415.012 1421.595 1428.081 1434.387 1440.548 1446.688 1453.029 1460.013 1469.028 1472.200 1479.684 1485.694 1479.497 1469.846 1462.351 1458.436
1309.270 1304.607 1299.752 1294.761 1289.670 1284.494 1279.235 1273.866 1268.294 1262.358 1258.078 1262.064 1265.399 1267.984 1269.789 1270.847 1271.219 1270.963 1270.106 1268.615 1266.388 1263.251 1258.822 1257.977 1258.222 1263.527 1273.146 1281.743 1290.099 1298.166 1305.699 1312.666 1319.131 1325.160 1330.813 1336.151 1341.329 1346.746 1352.721 1359.041 1365.464 1371.864 1378.170 1384.424 1390.802 1397.541 1404.542 1411.572 1418.743 1425.764 1432.378 1438.706 1444.930 1451.285 1458.145 1466.174 1470.835 1474.638 1479.295 1479.948 1474.525 1465.944 1460.696
1307.510 1302.658 1297.622 1292.471 1287.233 1281.905 1276.495 1271.019 1265.350 1259.149 1259.775 1263.128 1265.801 1267.807 1269.158 1269.887 1270.056 1269.751 1269.041 1267.919 1266.318 1264.234 1262.006 1260.525 1259.491 1257.675 1264.115 1272.299 1281.419 1290.414 1298.400 1305.592 1312.176 1318.241 1323.842 1328.942 1333.465 1338.210 1344.890 1351.875 1358.844 1365.705 1372.239 1378.481 1384.735 1391.989 1399.880 1407.086 1415.454 1423.164 1429.955 1436.289 1442.386 1448.407 1454.453 1460.305 1465.201 1469.626 1474.731 1479.041 1474.609 1465.369 1459.744
1304.986 1299.808 1294.474 1289.095 1283.681 1278.148 1272.492 1266.963 1261.540 1257.283 1260.915 1263.657 1265.710 1267.156 1268.035 1268.378 1268.251 1267.805 1267.245 1266.578 1265.627 1264.345 1262.902 1261.532 1260.147 1258.188 1255.138 1258.995 1271.421 1282.120 1290.328 1297.700 1304.410 1310.506 1316.143 1321.215 1324.855 1333.362 1340.686 1347.376 1353.914 1360.492 1367.852 1375.531 1383.047 1390.152 1396.893 1405.003 1413.199 1420.590 1427.250 1433.412 1439.229 1444.790 1450.097 1455.021 1459.409 1463.410 1467.418 1470.978 1466.956 1460.888 1456.118
1301.679 1295.965 1290.156 1284.498 1278.969 1273.235 1266.922 1261.117 1257.177 1258.840 1261.677 1263.679 1265.069 1265.936 1266.323 1266.222 1265.637 1264.765 1264.350 1264.401 1264.154 1263.483 1262.473 1261.291 1260.135 1258.898 1257.570 1256.584 1264.325 1274.533 1281.070 1288.947 1295.839 1301.810 1308.718 1316.228 1324.436 1332.731 1340.234 1347.244 1354.081 1360.973 1368.097 1375.366 1382.582 1389.653 1396.699 1403.952 1411.170 1417.989 1424.309 1430.171 1435.633 1440.728 1445.434 1449.680 1453.386 1456.502 1458.851 1459.639 1457.762 1454.217 1450.594
1297.607 1290.979 1284.317 1278.359 1273.059 1267.557 1260.420 1258.597 1259.078 1260.471 1262.008 1263.137 1263.798 1264.036 1263.941 1263.415 1262.202 1260.150 1259.820 1261.465 1261.957 1261.810 1261.053 1259.792 1258.957 1258.854 1257.404 1259.646 1262.478 1270.015 1278.707 1286.533 1294.016 1301.653 1309.245 1316.778 1324.393 1331.958 1339.254 1346.313 1353.269 1360.243 1367.295 1374.389 1381.445 1388.414 1395.312 1402.146 1408.814 1415.164 1421.109 1426.624 1431.714 1436.371 1440.563 1444.229 1447.280 1449.589 1450.924 1450.920 1449.377 1446.699 1443.829
1292.940 1284.704 1276.022 1269.894 1265.779 1261.854 1256.968 1259.342 1260.343 1261.054 1261.624 1261.915 1261.802 1261.258 1260.731 1260.213 1257.991 1257.716 1257.427 1258.242 1259.104 1259.638 1258.854 1257.870 1257.519 1259.457 1263.556 1266.748 1267.457 1265.941 1276.213 1285.183 1293.392 1301.179 1308.694 1316.034 1323.285 1330.453 1337.517 1344.506 1351.482 1358.491 1365.536 1372.575 1379.551 1386.418 1393.148 1399.705 1406.021 1412.014 1417.620 1422.802 1427.536 1431.800 1435.551 1438.728 1441.238 1442.948 1443.666 1443.177 1441.441 1438.904 1437.505
1288.273 1277.909 1261.040 1257.855 1257.310 1256.814 1258.829 1260.039 1260.546 1260.573 1260.357 1259.928 1259.100 1257.484 1257.364 1257.668 1257.350 1262.374 1263.413 1262.067 1258.081 1258.227 1256.963 1263.176 1267.044 1269.712 1272.726 1274.685 1275.052 1273.746 1273.369 1283.158 1291.836 1299.745 1307.142 1314.232 1321.158 1328.006 1334.836 1341.712 1348.684 1355.751 1362.858 1369.932 1376.902 1383.718 1390.335 1396.708 1402.786 1408.511 1413.836 1418.722 1423.140 1427.060 1430.441 1433.225 1435.326 1436.627 1436.962 1436.094 1433.571 1430.904 1434.329
1284.453 1274.058 1260.874 1257.229 1258.095 1258.982 1259.941 1260.363 1260.051 1259.111 1258.069 1257.102 1259.979 1262.689 1264.188 1264.689 1265.869 1269.034 1270.500 1270.159 1267.995 1263.728 1268.807 1273.547 1276.935 1279.516 1281.559 1282.822 1283.022 1282.054 1279.967 1280.721 1289.689 1297.569 1304.708 1311.446 1318.005 1324.506 1331.056 1337.781 1344.772 1351.984 1359.266 1366.475 1373.523 1380.358 1386.933 1393.206 1399.130 1404.662 1409.762 1414.399 1418.546 1422.175 1425.253 1427.732 1429.546 1430.600 1430.772 1429.880 1427.544 1428.118 1432.793
1281.481 1272.352 1262.037 1256.290 1258.751 1259.918 1260.490 1260.291 1259.115 1256.329 1258.634 1262.195 1265.607 1268.514 1270.782 1272.607 1274.491 1276.494 1277.935 1278.499 1278.387 1278.586 1280.585 1283.432 1286.033 1288.157 1289.748 1290.688 1290.832 1290.090 1288.412 1285.739 1287.268 1294.882 1301.459 1307.669 1313.782 1319.859 1325.998 1332.466 1339.545 1347.112 1354.757 1362.227 1369.443 1376.375 1382.987 1389.237 1395.082 1400.484 1405.414 1409.848 1413.766 1417.150 1419.981 1422.229 1423.851 1424.785 1424.957 1424.357 1423.185 1424.961 1431.103
1278.797 1270.783 1259.749 1257.109 1258.831 1260.207 1260.651 1260.023 1258.189 1258.831 1262.726 1266.681 1270.405 1273.708 1276.545 1279.013 1281.260 1283.294 1284.966 1286.210 1287.204 1288.378 1290.086 1292.154 1294.186 1295.935 1297.267 1298.074 1298.260 1297.748 1296.466 1294.294 1290.916 1292.051 1297.277 1302.779 1308.434 1314.030 1319.469 1325.256 1332.576 1341.079 1349.390 1357.231 1364.685 1371.795 1378.531 1384.839 1390.674 1396.005 1400.813 1405.084 1408.807 1411.978 1414.597 1416.663 1418.165 1419.063 1419.280 1418.806 1418.206 1423.615 1429.852
1275.999 1269.745 1263.221 1258.349 1258.535 1260.256 1260.715 1259.859 1257.240 1260.250 1265.391 1270.106 1274.359 1278.125 1281.427 1284.335 1286.920 1289.213 1291.205 1292.924 1294.484 1296.066 1297.787 1299.600 1301.351 1302.887 1304.094 1304.884 1305.187 1304.946 1304.107 1302.605 1300.338 1297.535 1296.292 1296.491 1301.919 1307.244 1311.552 1314.929 1322.904 1334.224 1343.385 1351.536 1359.247 1366.631 1373.598 1380.055 1385.948 1391.261 1395.988 1400.127 1403.676 1406.646 1409.060 1410.959 1412.382 1413.336 1413.701 1412.885 1416.254 1422.790 1429.001
1272.591 1268.023 1263.307 1259.022 1258.310 1260.404 1260.893 1260.081 1257.963 1260.722 1267.156 1272.721 1277.566 1281.798 1285.508 1288.779 1291.680 1294.261 1296.558 1298.619 1300.521 1302.348 1304.150 1305.913 1307.565 1309.024 1310.210 1311.063 1311.534 1311.590 1311.215 1310.419 1309.293 1308.162 1307.557 1307.612 1308.139 1309.011 1311.220 1315.135 1316.785 1328.002 1337.099 1345.051 1353.027 1360.874 1368.237 1374.948 1380.960 1386.294 1390.973 1395.006 1398.391 1401.145 1403.320 1405.007 1406.336 1407.441 1408.375 1408.862 1414.064 1421.687 1428.363
1268.233 1265.271 1261.607 1257.447 1259.284 1260.839 1261.180 1260.431 1258.841 1260.824 1268.429 1274.780 1280.165 1284.812 1288.873 1292.456 1295.639 1298.485 1301.046 1303.371 1305.516 1307.528 1309.437 1311.237 1312.896 1314.368 1315.607 1316.573 1317.240 1317.595 1317.647 1317.442 1317.083 1316.762 1316.692 1316.976 1317.610 1318.607 1320.058 1321.473 1321.253 1323.657 1330.636 1336.908 1345.797 1354.542 1362.556 1369.626 1375.779 1381.149 1385.811 1389.766 1392.993 1395.491 1397.331 1398.671 1399.760 1400.914 1402.721 1405.348 1411.654 1420.849 1428.102
1263.102 1262.070 1259.083 1258.264 1260.274 1261.357 1261.419 1260.484 1258.927 1260.681 1269.602 1276.507 1282.281 1287.250 1291.595 1295.435 1298.860 1301.937 1304.721 1307.260 1309.599 1311.772 1313.798 1315.680 1317.404 1318.946 1320.282 1321.391 1322.261 1322.896 1323.316 1323.568 1323.733 1323.923 1324.248 1324.775 1325.520 1326.464 1327.507 1328.327 1328.462 1328.121 1329.014 1332.351 1338.046 1347.667 1356.845 1364.280 1370.474 1375.852 1380.539 1384.479 1387.573 1389.759 1391.098 1391.816 1392.356 1393.038 1396.186 1400.988 1410.911 1421.186 1428.514
1259.950 1259.500 1256.856 1259.365 1261.010 1261.762 1261.530 1260.193 1257.236 1262.885 1271.038 1278.018 1283.985 1289.165 1293.718 1297.763 1301.387 1304.658 1307.632 1310.353 1312.859 1315.178 1317.328 1319.315 1321.135 1322.780 1324.239 1325.505 1326.576 1327.462 1328.189 1328.797 1329.345 1329.901 1330.531 1331.276 1332.144 1333.108 1334.082 1334.928 1335.551 1336.120 1337.053 1338.090 1338.402 1341.511 1351.958 1359.168 1365.012 1370.341 1375.182 1379.249 1382.311 1384.162 1384.670 1385.641 1391.687 1397.230 1402.433 1408.119 1415.407 1423.096 1429.668
1258.939 1258.202 1258.061 1260.074 1261.463 1262.000 1261.567 1260.030 1257.225 1264.536 1272.352 1279.242 1285.271 1290.570 1295.267 1299.466 1303.249 1306.683 1309.818 1312.697 1315.352 1317.810 1320.086 1322.190 1324.126 1325.891 1327.486 1328.911 1330.172 1331.283 1332.269 1333.162 1334.006 1334.848 1335.727 1336.671 1337.686 1338.750 1339.817 1340.831 1341.768 1342.673 1343.584 1344.322 1344.544 1343.422 1348.903 1354.356 1358.927 1364.376 1369.763 1374.227 1377.480 1379.321 1380.360 1388.706 1395.591 1401.671 1407.397 1413.220 1419.392 1425.580 1431.266
1257.997 1257.191 1258.109 1260.300 1261.614 1262.057 1261.538 1259.969 1257.301 1265.436 1273.221 1280.060 1286.096 1291.453 1296.240 1300.550 1304.459 1308.028 1311.303 1314.322 1317.116 1319.707 1322.111 1324.339 1326.399 1328.293 1330.029 1331.610 1333.049 1334.361 1335.567 1336.697 1337.783 1338.859 1339.953 1341.086 1342.264 1343.476 1344.702 1345.914 1347.098 1348.244 1349.315 1350.178 1350.567 1349.913 1350.120 1354.211 1357.754 1359.135 1364.425 1369.655 1373.164 1375.888 1383.150 1392.257 1399.448 1405.689 1411.457 1417.045 1422.572 1427.939 1432.954
1257.984 1257.003 1258.061 1260.154 1261.471 1261.925 1261.409 1259.839 1257.173 1265.926 1273.639 1280.412 1286.419 1291.788 1296.623 1301.010 1305.017 1308.699 1312.098 1315.247 1318.172 1320.894 1323.427 1325.783 1327.970 1329.998 1331.873 1333.606 1335.210 1336.702 1338.101 1339.432 1340.723 1342.000 1343.286 1344.599 1345.948 1347.331 1348.741 1350.166 1351.592 1353.002 1354.356 1355.590 1356.633 1357.585 1359.167 1361.737 1364.361 1366.344 1367.656 1368.334 1372.623 1380.009 1388.713 1396.618 1403.381 1409.384 1414.915 1420.157 1425.189 1429.993 1434.507
1260.724 1258.560 1257.663 1259.555 1261.034 1261.614 1261.180 1259.632 1257.355 1266.063 1273.607 1280.263 1286.198 1291.540 1296.389 1300.825 1304.909 1308.689 1312.202 1315.475 1318.530 1321.382 1324.045 1326.531 1328.849 1331.010 1333.024 1334.902 1336.660 1338.313 1339.882 1341.389 1342.858 1344.312 1345.771 1347.255 1348.775 1350.338 1351.945 1353.593 1355.276 1356.979 1358.682 1360.365 1362.039 1363.814 1365.899 1368.342 1370.892 1373.320 1375.674 1378.432 1382.618 1388.343 1394.828 1401.269 1407.261 1412.783 1417.924 1422.766 1427.355 1431.696 1435.784
1262.768 1259.786 1257.155 1258.419 1260.358 1261.167 1260.898 1259.477 1257.649 1265.806 1273.087 1279.570 1285.389 1290.667 1295.499 1299.961 1304.108 1307.980 1311.604 1315.001 1318.186 1321.172 1323.970 1326.588 1329.039 1331.333 1333.482 1335.499 1337.399 1339.200 1340.921 1342.583 1344.208 1345.819 1347.436 1349.080 1350.766 1352.507 1354.315 1356.193 1358.142 1360.158 1362.231 1364.355 1366.544 1368.848 1371.326 1373.979 1376.738 1379.558 1382.525 1385.901 1390.001 1394.862 1400.192 1405.613 1410.863 1415.840 1420.530 1424.951 1429.118 1433.032 1436.693
1264.671 1261.457 1256.920 1257.325 1259.622 1260.619 1260.585 1259.469 1257.319 1264.977 1272.013 1278.280 1283.935 1289.107 1293.896 1298.369 1302.573 1306.537 1310.279 1313.808 1317.133 1320.261 1323.198 1325.954 1328.539 1330.965 1333.246 1335.395 1337.429 1339.365 1341.222 1343.022 1344.785 1346.535 1348.293 1350.082 1351.923 1353.837 1355.840 1357.949 1360.171 1362.508 1364.955 1367.504 1370.149 1372.894 1375.746 1378.697 1381.731 1384.856 1388.141 1391.709 1395.676 1400.041 1404.676 1409.392 1414.029 1418.491 1422.735 1426.743 1430.506 1434.013 1437.243
1266.705 1264.113 1260.653 1257.093 1258.686 1259.935 1260.204 1259.386 1257.509 1263.578 1270.357 1276.334 1281.758 1286.782 1291.502 1295.979 1300.246 1304.316 1308.192 1311.872 1315.353 1318.635 1321.721 1324.620 1327.343 1329.902 1332.311 1334.587 1336.745 1338.805 1340.785 1342.706 1344.591 1346.463 1348.345 1350.262 1352.241 1354.311 1356.498 1358.829 1361.324 1363.990 1366.821 1369.797 1372.887 1376.059 1379.289 1382.558 1385.863 1389.223 1392.682 1396.303 1400.133 1404.165 1408.334 1412.540 1416.686 1420.697 1424.528 1428.148 1431.537 1434.669 1437.513
1268.687 1266.522 1263.558 1260.079 1256.768 1259.169 1259.757 1259.177 1257.533 1261.876 1268.124 1273.648 1278.754 1283.579 1288.211 1292.695 1297.045 1301.253 1305.298 1309.160 1312.823 1316.278 1319.527 1322.577 1325.440 1328.132 1330.668 1333.066 1335.341 1337.513 1339.603 1341.632 1343.622 1345.598 1347.584 1349.608 1351.702 1353.904 1356.253 1358.789 1361.549 1364.551 1367.791 1371.227 1374.794 1378.418 1382.042 1385.636 1389.197 1392.744 1396.310 1399.933 1403.638 1407.421 1411.250 1415.068 1418.815 1422.440 1425.903 1429.172 1432.221 1435.024 1437.547
1270.498 1268.561 1265.738 1262.048 1257.343 1258.683 1259.279 1258.797 1257.561 1260.178 1265.168 1270.063 1274.761 1279.338 1283.871 1288.384 1292.864 1297.267 1301.540 1305.634 1309.516 1313.172 1316.599 1319.809 1322.816 1325.641 1328.303 1330.819 1333.205 1335.480 1337.667 1339.789 1341.869 1343.932 1346.001 1348.105 1350.282 1352.579 1355.052 1357.762 1360.768 1364.114 1367.805 1371.777 1375.903 1380.041 1384.093 1388.019 1391.821 1395.524 1399.160 1402.764 1406.355 1409.939 1413.499 1417.006 1420.424 1423.718 1426.856 1429.811 1432.559 1435.074 1437.332
1272.124 1270.322 1267.549 1263.674 1258.247 1258.296 1258.680 1258.246 1256.571 1256.778 1261.009 1265.356 1269.562 1273.827 1278.269 1282.861 1287.554 1292.256 1296.852 1301.251 1305.405 1309.295 1312.921 1316.298 1319.451 1322.409 1325.196 1327.829 1330.320 1332.689 1334.959 1337.159 1339.316 1341.451 1343.581 1345.735 1347.952 1350.292 1352.832 1355.658 1358.865 1362.548 1366.756 1371.410 1376.258 1381.019 1385.545 1389.808 1393.833 1397.664 1401.346 1404.916 1408.400 1411.810 1415.145 1418.391 1421.528 1424.534 1427.386 1430.063 1432.542 1434.805 1436.833
1273.580 1271.898 1269.228 1265.447 1260.267 1257.643 1257.713 1257.537 1259.171 1259.860 1260.090 1259.933 1262.803 1266.689 1271.109 1275.855 1280.910 1286.099 1291.167 1295.973 1300.466 1304.631 1308.473 1312.020 1315.315 1318.404 1321.319 1324.074 1326.670 1329.120 1331.456 1333.717 1335.939 1338.138 1340.314 1342.482 1344.684 1346.996 1349.516 1352.362 1355.674 1359.627 1364.419 1370.055 1375.960 1381.504 1386.539 1391.121 1395.336 1399.262 1402.961 1406.481 1409.856 1413.106 1416.240 1419.256 1422.146 1424.897 1427.494 1429.921 1432.161 1434.198 1436.017
