lsmaker/tests/data/test.grd
DSAA
  200    178
 -3149.890        82684.57    
 -612.4700        76297.31    
  1205.593        1653.961    
[rows 112 to 139 of 178, columns 63 to 125 of 200]
1274.882 1273.329 1270.814 1267.323 1262.829 1257.454 1256.732 1259.592 1262.006 1263.338 1263.812 1263.528 1262.373 1260.813 1262.021 1266.911 1272.607 1278.681 1284.440 1289.775 1294.683 1299.169 1303.244 1306.949 1310.363 1313.574 1316.631 1319.529 1322.236 1324.752 1327.120 1329.415 1331.700 1333.976 1336.199 1338.345 1340.458 1342.643 1345.026 1347.751 1350.987 1354.985 1360.219 1367.581 1375.326 1381.759 1387.251 1392.083 1396.428 1400.401 1404.081 1407.529 1410.785 1413.878 1416.823 1419.628 1422.293 1424.813 1427.179 1429.379 1431.402 1433.234 1434.861
1276.053 1274.612 1272.220 1268.970 1265.101 1261.226 1257.994 1262.081 1264.837 1266.412 1267.028 1266.803 1265.835 1264.354 1262.674 1261.115 1262.338 1270.044 1276.673 1282.639 1288.047 1292.915 1297.237 1301.058 1304.522 1307.824 1311.067 1314.173 1317.019 1319.570 1321.902 1324.167 1326.522 1328.955 1331.269 1333.350 1335.267 1337.190 1339.290 1341.719 1344.632 1348.235 1354.378 1366.048 1375.229 1382.144 1387.866 1392.811 1397.195 1401.151 1404.770 1408.117 1411.238 1414.166 1416.925 1419.527 1421.980 1424.284 1426.437 1428.430 1430.254 1431.897 1433.347
1277.143 1275.757 1273.365 1270.090 1266.262 1262.549 1260.551 1264.859 1267.622 1269.250 1269.905 1269.673 1268.623 1266.865 1264.566 1261.852 1264.328 1267.098 1269.144 1274.522 1280.540 1285.906 1290.514 1294.338 1297.656 1300.935 1304.515 1308.023 1311.074 1313.594 1315.737 1317.777 1320.213 1323.096 1325.656 1327.588 1329.113 1330.586 1332.237 1334.201 1341.128 1350.163 1359.343 1368.291 1376.210 1382.853 1388.489 1393.377 1397.694 1401.564 1405.072 1408.284 1411.247 1413.998 1416.564 1418.964 1421.211 1423.309 1425.261 1427.061 1428.702 1430.172 1431.459
1278.233 1276.831 1274.296 1270.644 1266.093 1261.675 1264.362 1267.819 1270.333 1271.895 1272.526 1272.225 1270.969 1268.741 1265.619 1263.432 1266.391 1268.973 1271.198 1273.102 1274.670 1278.224 1283.332 1286.851 1289.579 1292.057 1296.858 1301.225 1304.598 1306.913 1308.617 1309.927 1312.146 1316.628 1319.777 1321.252 1321.955 1323.860 1331.659 1339.515 1347.433 1355.381 1363.246 1370.782 1377.676 1383.770 1389.106 1393.795 1397.952 1401.668 1405.017 1408.057 1410.836 1413.392 1415.754 1417.946 1419.985 1421.882 1423.641 1425.259 1426.731 1428.044 1429.183
1279.413 1277.959 1275.236 1271.042 1264.692 1264.924 1267.755 1270.564 1272.835 1274.337 1274.960 1274.611 1273.162 1270.396 1266.049 1265.351 1267.665 1270.045 1272.423 1274.698 1276.780 1278.692 1280.838 1284.627 1288.600 1291.950 1294.190 1295.558 1298.207 1301.956 1306.826 1311.128 1314.350 1316.145 1316.576 1318.816 1324.924 1331.565 1338.453 1345.471 1352.540 1359.576 1366.464 1373.042 1379.149 1384.685 1389.635 1394.042 1397.967 1401.474 1404.619 1407.453 1410.020 1412.357 1414.497 1416.468 1418.293 1419.987 1421.558 1423.006 1424.322 1425.494 1426.503
1280.739 1279.261 1276.475 1272.092 1265.407 1267.044 1269.991 1272.727 1274.989 1276.553 1277.263 1276.982 1275.523 1272.536 1267.085 1265.731 1267.767 1269.941 1272.628 1275.392 1277.982 1280.509 1283.277 1286.519 1289.964 1293.219 1296.103 1298.755 1301.804 1305.838 1310.144 1314.193 1317.701 1320.621 1323.342 1326.978 1332.012 1337.807 1343.961 1350.278 1356.638 1362.940 1369.076 1374.935 1380.413 1385.440 1389.991 1394.076 1397.727 1400.983 1403.887 1406.480 1408.803 1410.894 1412.789 1414.521 1416.119 1417.603 1418.988 1420.274 1421.451 1422.502 1423.403
1282.200 1280.778 1278.133 1274.044 1268.147 1268.036 1271.230 1274.230 1276.744 1278.539 1279.473 1279.424 1278.233 1275.654 1271.366 1265.235 1266.763 1267.639 1271.747 1275.196 1278.174 1281.015 1283.957 1287.130 1290.488 1293.899 1297.293 1300.741 1304.444 1308.500 1312.718 1316.851 1320.757 1324.468 1328.234 1332.445 1337.290 1342.634 1348.274 1354.051 1359.847 1365.565 1371.112 1376.403 1381.364 1385.941 1390.107 1393.859 1397.211 1400.188 1402.820 1405.141 1407.189 1409.002 1410.620 1412.084 1413.433 1414.696 1415.893 1417.027 1418.086 1419.043 1419.862
1283.720 1282.444 1280.092 1276.561 1271.766 1267.865 1271.448 1275.113 1278.133 1280.312 1281.596 1281.923 1281.207 1279.335 1276.193 1271.648 1266.119 1268.391 1270.629 1274.315 1277.387 1280.311 1283.287 1286.469 1289.915 1293.588 1297.436 1301.445 1305.631 1309.980 1314.404 1318.796 1323.099 1327.344 1331.660 1336.204 1341.059 1346.191 1351.501 1356.885 1362.249 1367.509 1372.590 1377.424 1381.953 1386.134 1389.941 1393.364 1396.407 1399.085 1401.419 1403.438 1405.175 1406.671 1407.972 1409.130 1410.195 1411.215 1412.220 1413.216 1414.184 1415.084 1415.863
1285.194 1284.132 1282.132 1279.175 1275.376 1271.231 1270.459 1275.599 1279.278 1281.915 1283.618 1284.405 1284.256 1283.149 1281.103 1278.294 1275.481 1273.036 1270.147 1272.738 1275.597 1278.452 1281.291 1284.437 1288.036 1292.050 1296.387 1300.940 1305.624 1310.380 1315.151 1319.887 1324.569 1329.221 1333.904 1338.687 1343.606 1348.647 1353.757 1358.868 1363.911 1368.819 1373.531 1377.994 1382.160 1385.993 1389.469 1392.575 1395.308 1397.674 1399.690 1401.375 1402.764 1403.895 1404.825 1405.618 1406.349 1407.090 1407.892 1408.769 1409.690 1410.588 1411.383
1286.524 1285.726 1284.071 1281.547 1278.217 1274.227 1270.679 1276.219 1280.332 1283.378 1285.509 1286.779 1287.208 1286.817 1285.664 1283.882 1281.649 1278.796 1274.644 1269.924 1272.678 1275.575 1277.781 1280.786 1284.608 1289.073 1294.043 1299.250 1304.513 1309.757 1314.951 1320.077 1325.135 1330.139 1335.122 1340.113 1345.125 1350.148 1355.148 1360.080 1364.891 1369.533 1373.956 1378.118 1381.979 1385.508 1388.683 1391.488 1393.914 1395.963 1397.642 1398.966 1399.963 1400.673 1401.158 1401.502 1401.814 1402.212 1402.791 1403.582 1404.528 1405.514 1406.408
1287.645 1287.160 1285.838 1283.642 1280.547 1276.506 1271.736 1277.045 1281.312 1284.679 1287.218 1288.965 1289.946 1290.192 1289.750 1288.685 1287.029 1284.702 1281.572 1277.613 1271.911 1272.710 1272.114 1275.185 1279.292 1284.344 1290.321 1296.404 1302.351 1308.148 1313.814 1319.362 1324.803 1330.149 1335.416 1340.616 1345.750 1350.808 1355.766 1360.590 1365.244 1369.690 1373.890 1377.810 1381.416 1384.682 1387.585 1390.108 1392.238 1393.968 1395.298 1396.234 1396.795 1397.015 1396.959 1396.728 1396.480 1396.417 1396.730 1397.495 1398.600 1399.821 1400.935
1288.539 1288.426 1287.450 1285.558 1282.676 1278.654 1273.218 1277.715 1282.067 1285.739 1288.683 1290.899 1292.403 1293.222 1293.391 1292.944 1291.898 1290.234 1287.917 1284.893 1281.086 1279.066 1279.055 1278.072 1276.443 1277.246 1285.325 1292.515 1299.203 1305.581 1311.751 1317.749 1323.592 1329.292 1334.855 1340.284 1345.574 1350.713 1355.683 1360.460 1365.017 1369.326 1373.359 1377.087 1380.484 1383.525 1386.187 1388.451 1390.298 1391.715 1392.691 1393.219 1393.302 1392.960 1392.243 1391.256 1390.209 1389.444 1389.385 1390.251 1391.787 1393.492 1394.996
1289.242 1289.559 1288.959 1287.401 1284.813 1281.033 1275.647 1277.749 1282.402 1286.463 1289.846 1292.535 1294.542 1295.892 1296.615 1296.739 1296.286 1295.270 1293.716 1291.698 1289.487 1287.691 1286.293 1284.565 1282.043 1278.128 1279.643 1287.792 1295.124 1302.058 1308.758 1315.243 1321.520 1327.601 1333.490 1339.182 1344.667 1349.931 1354.961 1359.741 1364.252 1368.474 1372.388 1375.970 1379.199 1382.051 1384.504 1386.535 1388.122 1389.240 1389.867 1389.980 1389.558 1388.589 1387.083 1385.103 1382.856 1380.862 1380.102 1381.400 1383.996 1386.598 1388.690
1289.841 1290.623 1290.418 1289.230 1287.028 1283.746 1279.328 1276.957 1282.227 1286.797 1290.667 1293.843 1296.344 1298.199 1299.438 1300.094 1300.193 1299.768 1298.865 1297.570 1296.040 1294.433 1292.701 1290.569 1287.706 1283.788 1278.595 1282.418 1290.062 1297.501 1304.811 1311.838 1318.588 1325.093 1331.356 1337.358 1343.084 1348.519 1353.653 1358.479 1362.987 1367.166 1371.002 1374.479 1377.578 1380.278 1382.556 1384.386 1385.740 1386.585 1386.885 1386.596 1385.669 1384.044 1381.658 1378.449 1374.434 1370.042 1367.207 1370.141 1375.453 1379.423 1382.217
1290.463 1291.688 1291.865 1291.051 1289.262 1286.500 1282.785 1278.185 1281.585 1286.734 1291.138 1294.816 1297.804 1300.141 1301.869 1303.019 1303.625 1303.720 1303.350 1302.575 1301.467 1300.068 1298.332 1296.116 1293.227 1289.470 1284.668 1278.438 1283.503 1291.691 1299.915 1307.527 1314.778 1321.769 1328.476 1334.854 1340.875 1346.525 1351.804 1356.714 1361.256 1365.428 1369.224 1372.632 1375.638 1378.223 1380.363 1382.029 1383.188 1383.798 1383.809 1383.158 1381.766 1379.522 1376.273 1371.777 1365.587 1356.891 1346.588 1358.827 1367.460 1372.525 1375.845
1291.237 1292.813 1293.319 1292.844 1291.436 1289.126 1285.952 1281.974 1280.509 1286.291 1291.274 1295.463 1298.924 1301.724 1303.913 1305.528 1306.598 1307.155 1307.233 1306.870 1306.100 1304.932 1303.328 1301.206 1298.453 1294.953 1290.618 1285.526 1280.616 1285.053 1294.301 1302.249 1310.006 1317.599 1324.870 1331.713 1338.089 1343.999 1349.458 1354.483 1359.090 1363.286 1367.073 1370.447 1373.397 1375.904 1377.944 1379.488 1380.497 1380.922 1380.703 1379.759 1377.985 1375.236 1371.294 1365.810 1358.092 1346.119 1345.897 1354.309 1361.364 1366.352 1369.780
1292.230 1294.023 1294.775 1294.582 1293.500 1291.562 1288.804 1285.284 1281.153 1285.501 1291.132 1295.805 1299.707 1302.947 1305.580 1307.636 1309.140 1310.115 1310.587 1310.582 1310.119 1309.196 1307.791 1305.852 1303.314 1300.105 1296.164 1291.421 1285.399 1281.132 1287.919 1295.622 1304.057 1312.543 1320.575 1327.993 1334.786 1340.992 1346.655 1351.818 1356.512 1360.757 1364.565 1367.936 1370.863 1373.331 1375.315 1376.783 1377.695 1377.996 1377.619 1376.474 1374.440 1371.354 1366.983 1361.000 1352.975 1342.679 1345.234 1351.066 1356.475 1360.819 1364.034
1293.418 1295.292 1296.204 1296.234 1295.423 1293.792 1291.348 1288.104 1284.109 1284.721 1290.830 1295.858 1300.143 1303.804 1306.875 1309.364 1311.282 1312.647 1313.481 1313.803 1313.629 1312.960 1311.783 1310.070 1307.780 1304.872 1301.297 1296.987 1291.819 1286.032 1281.569 1286.422 1296.621 1306.643 1315.697 1323.794 1331.043 1337.559 1343.437 1348.748 1353.543 1357.857 1361.708 1365.106 1368.045 1370.511 1372.483 1373.926 1374.799 1375.046 1374.596 1373.355 1371.201 1367.966 1363.425 1357.287 1349.253 1339.243 1342.654 1347.471 1351.847 1355.562 1358.468
1294.694 1296.543 1297.550 1297.760 1297.187 1295.827 1293.650 1290.592 1286.508 1284.426 1290.405 1295.560 1300.175 1304.274 1307.805 1310.736 1313.063 1314.800 1315.972 1316.601 1316.704 1316.288 1315.350 1313.876 1311.846 1309.238 1306.029 1302.213 1297.848 1293.220 1288.868 1284.820 1288.185 1300.222 1310.466 1319.265 1326.950 1333.757 1339.838 1345.293 1350.194 1354.588 1358.503 1361.954 1364.939 1367.445 1369.450 1370.921 1371.816 1372.081 1371.647 1370.423 1368.293 1365.098 1360.623 1354.565 1346.515 1336.069 1339.528 1343.370 1347.005 1350.254 1352.904
1295.899 1297.665 1298.736 1299.111 1298.771 1297.686 1295.800 1293.008 1289.059 1284.359 1289.590 1294.674 1299.683 1304.326 1308.388 1311.789 1314.524 1316.620 1318.111 1319.028 1319.394 1319.224 1318.523 1317.289 1315.513 1313.188 1310.309 1306.892 1302.995 1298.743 1294.250 1289.407 1283.972 1293.852 1305.253 1314.581 1322.592 1329.632 1335.882 1341.464 1346.464 1350.944 1354.940 1358.470 1361.535 1364.122 1366.208 1367.761 1368.742 1369.097 1368.766 1367.667 1365.698 1362.725 1358.557 1352.901 1345.179 1333.930 1335.984 1338.450 1341.650 1344.660 1347.183
1296.835 1298.517 1299.669 1300.230 1300.146 1299.368 1297.838 1295.477 1292.138 1287.624 1287.523 1292.707 1298.512 1303.973 1308.679 1312.581 1315.719 1318.155 1319.941 1321.124 1321.737 1321.800 1321.327 1320.323 1318.788 1316.719 1314.119 1310.998 1307.380 1303.290 1298.713 1293.545 1287.744 1289.099 1300.472 1309.843 1318.008 1325.206 1331.579 1337.255 1342.338 1346.904 1350.995 1354.632 1357.813 1360.524 1362.741 1364.432 1365.558 1366.074 1365.925 1365.047 1363.360 1360.765 1357.135 1352.294 1345.970 1338.216 1334.805 1332.506 1335.610 1338.636 1341.183
1297.266 1298.943 1300.249 1301.056 1301.275 1300.843 1299.718 1297.879 1295.358 1292.414 1289.736 1288.558 1296.723 1303.376 1308.806 1313.201 1316.711 1319.451 1321.502 1322.924 1323.761 1324.042 1323.783 1322.996 1321.683 1319.844 1317.480 1314.590 1311.172 1307.204 1302.614 1297.213 1290.511 1286.465 1295.910 1304.885 1313.160 1320.481 1326.921 1332.642 1337.779 1342.425 1346.628 1350.402 1353.741 1356.624 1359.024 1360.908 1362.239 1362.978 1363.082 1362.503 1361.186 1359.076 1356.119 1352.294 1347.710 1342.983 1339.151 1335.899 1332.447 1332.108 1334.810
1296.932 1298.793 1300.393 1301.543 1302.125 1302.072 1301.357 1299.996 1298.065 1295.745 1293.275 1290.605 1295.136 1302.909 1308.958 1313.752 1317.561 1320.549 1322.821 1324.451 1325.488 1325.967 1325.907 1325.322 1324.214 1322.584 1320.427 1317.736 1314.495 1310.667 1306.179 1300.867 1294.361 1286.312 1289.940 1299.268 1308.051 1315.479 1321.889 1327.573 1332.720 1337.439 1341.774 1345.727 1349.275 1352.387 1355.026 1357.159 1358.752 1359.771 1360.184 1359.958 1359.066 1357.485 1355.217 1352.312 1348.931 1345.392 1342.006 1338.749 1335.376 1331.698 1327.974
1295.621 1297.956 1300.051 1301.673 1302.689 1303.037 1302.709 1301.734 1300.179 1298.153 1295.774 1293.178 1294.700 1302.993 1309.310 1314.317 1318.314 1321.477 1323.919 1325.719 1326.930 1327.587 1327.711 1327.315 1326.400 1324.964 1322.999 1320.491 1317.421 1313.760 1309.464 1304.480 1298.827 1293.010 1288.378 1293.699 1303.030 1310.278 1316.442 1321.950 1327.043 1331.833 1336.342 1340.535 1344.361 1347.769 1350.712 1353.154 1355.061 1356.409 1357.174 1357.340 1356.895 1355.843 1354.209 1352.057 1349.509 1346.726 1343.843 1340.875 1337.740 1334.333 1330.554
1293.224 1296.391 1299.240 1301.488 1303.005 1303.763 1303.784 1303.111 1301.798 1299.910 1297.512 1294.669 1296.169 1303.720 1309.898 1314.916 1318.980 1322.239 1324.798 1326.730 1328.088 1328.905 1329.202 1328.986 1328.257 1327.007 1325.224 1322.891 1319.989 1316.497 1312.400 1307.708 1302.499 1296.939 1290.879 1290.766 1298.485 1304.873 1310.455 1315.591 1320.551 1325.441 1330.205 1334.736 1338.936 1342.725 1346.046 1348.857 1351.132 1352.851 1354.003 1354.581 1354.589 1354.042 1352.973 1351.442 1349.532 1347.336 1344.929 1342.334 1339.527 1336.458 1333.075
1289.676 1294.139 1298.079 1301.108 1303.162 1304.311 1304.634 1304.196 1303.043 1301.205 1298.699 1295.513 1297.751 1304.726 1310.606 1315.498 1319.531 1322.817 1325.443 1327.474 1328.956 1329.919 1330.379 1330.340 1329.797 1328.734 1327.132 1324.969 1322.225 1318.881 1314.936 1310.413 1305.376 1299.902 1293.966 1288.647 1293.893 1299.026 1303.688 1308.161 1312.905 1318.013 1323.201 1328.228 1332.935 1337.215 1340.996 1344.242 1346.934 1349.063 1350.626 1351.630 1352.084 1352.013 1351.452 1350.449 1349.066 1347.365 1345.397 1343.189 1340.743 1338.047 1335.085
1284.746 1291.376 1296.883 1300.763 1303.298 1304.765 1305.329 1305.074 1304.033 1302.205 1299.567 1296.078 1299.220 1305.732 1311.284 1315.979 1319.915 1323.175 1325.828 1327.928 1329.514 1330.614 1331.236 1331.380 1331.030 1330.162 1328.748 1326.756 1324.159 1320.935 1317.077 1312.606 1307.590 1302.160 1296.540 1291.121 1288.424 1292.477 1295.874 1299.031 1303.468 1309.229 1315.154 1320.905 1326.304 1331.209 1335.544 1339.288 1342.443 1345.015 1347.012 1348.447 1349.339 1349.717 1349.615 1349.077 1348.150 1346.882 1345.316 1343.482 1341.396 1339.073 1336.522
1282.874 1288.971 1296.357 1300.777 1303.551 1305.196 1305.926 1305.819 1304.879 1303.064 1300.300 1296.514 1300.561 1306.615 1311.812 1316.269 1320.064 1323.261 1325.910 1328.056 1329.734 1330.966 1331.759 1332.101 1331.964 1331.313 1330.103 1328.291 1325.838 1322.708 1318.878 1314.348 1309.174 1303.533 1297.774 1292.264 1287.209 1289.327 1291.736 1293.072 1291.424 1298.869 1305.909 1312.666 1319.018 1324.715 1329.685 1333.981 1337.643 1340.689 1343.136 1345.006 1346.327 1347.129 1347.450 1347.328 1346.807 1345.926 1344.724 1343.236 1341.489 1339.512 1337.335
